# Davis's data on weight and height
weight height repwt repht gender
# weight: measured weight, kg
# height: measured height, cm
# repwt:  reported weight, kg
# repht:  reported height, cm
# gender: female, male
1 77 182 77 180 male
2 58 161 51 159 female
3 53 161 54 158 female
4 68 177 70 175 male
5 59 157 59 155 female
6 76 170 76 165 male
7 76 167 77 165 male
8 69 186 73 180 male
9 71 178 71 175 male
10 65 171 64 170 male
11 70 175 75 174 male
12 166 57 56 163 female
13 51 161 52 158 female
14 64 168 64 165 female
15 52 163 57 160 female
16 65 166 66 165 female
17 92 187 101 185 male
18 62 168 62 165 female
19 76 197 75 200 male
20 61 175 61 171 female
21 119 180 124 178 male
22 61 170 61 170 female
23 65 175 66 173 male
24 66 173 70 170 male
25 54 171 59 168 female
26 50 166 50 165 female
27 63 169 61 168 female
28 58 166 60 160 female
29 39 157 41 153 female
30 101 183 100 180 male
31 71 166 71 165 female
32 75 178 73 175 male
33 79 173 76 173 male
34 52 164 52 161 female
35 68 169 63 170 female
36 64 176 65 175 male
37 56 166 54 165 female
38 69 174 69 171 male
39 88 178 86 175 male
40 65 187 67 188 male
41 54 164 53 160 female
42 80 178 80 178 male
43 63 163 59 159 female
44 78 183 80 180 male
45 85 179 82 175 male
46 54 160 55 158 female
47 73 180 NA NA male
48 49 161 NA NA female
49 54 174 56 173 female
50 75 162 75 158 female
51 82 182 85 183 male
52 56 165 57 163 female
53 74 169 73 170 male
54 102 185 107 185 male
55 64 177 NA NA male
56 65 176 64 172 male
57 66 170 65 NA female
58 73 183 74 180 male
59 75 172 70 169 male
60 57 173 58 170 male
61 68 165 69 165 male
62 71 177 71 170 male
63 71 180 76 175 male
64 78 173 75 169 female
65 97 189 98 185 male
66 60 162 59 160 female
67 64 165 63 163 female
68 64 164 62 161 female
69 52 158 51 155 female
70 80 178 76 175 male
71 62 175 61 171 female
72 66 173 66 175 male
73 55 165 54 163 female
74 56 163 57 159 female
75 50 166 50 161 female
76 50 171 NA NA female
77 50 160 55 150 female
78 63 160 64 158 female
79 69 182 70 180 male
80 69 183 70 183 male
81 61 165 60 163 female
82 55 168 56 170 male
83 53 169 52 175 female
84 60 167 55 163 female
85 56 170 56 170 female
86 59 182 61 183 male
87 62 178 66 175 male
88 53 165 53 165 female
89 57 163 59 160 female
90 57 162 56 160 female
91 70 173 68 170 male
92 56 161 56 161 female
93 84 184 86 183 male
94 69 180 71 180 male
95 88 189 87 185 male
96 56 165 57 160 female
97 103 185 101 182 male
98 50 169 50 165 female
99 52 159 52 153 female
100 55 155 NA 154 female
101 55 164 55 163 female
102 63 178 63 175 male
103 47 163 47 160 female
104 45 163 45 160 female
105 62 175 63 173 female
106 53 164 51 160 female
107 52 152 51 150 female
108 57 167 55 164 female
109 64 166 64 165 female
110 59 166 55 163 female
111 84 183 90 183 male
112 79 179 79 171 male
113 55 174 57 171 female
114 67 179 67 179 male
115 76 167 77 165 female
116 62 168 62 163 female
117 83 184 83 181 male
118 96 184 94 183 male
119 75 169 76 165 male
120 65 178 66 178 male
121 78 178 77 175 male
122 69 167 73 165 male
123 68 178 68 175 female
124 55 165 55 163 female
125 67 179 NA NA male
126 52 169 56 NA female
127 47 153 NA 154 female
128 45 157 45 153 female
129 68 171 68 169 female
130 44 157 44 155 female
131 62 166 61 163 female
132 87 185 89 185 male
133 56 160 53 158 female
134 50 148 47 148 female
135 83 177 84 175 male
136 53 162 53 160 female
137 64 172 62 168 female
138 62 167 NA NA female
139 90 188 91 185 male
140 85 191 83 188 male
141 66 175 68 175 male
142 52 163 53 160 female
143 53 165 55 163 female
144 54 176 55 176 female
145 64 171 66 171 female
146 55 160 55 155 female
147 55 165 55 165 female
148 59 157 55 158 female
149 70 173 67 170 female
150 88 184 86 183 male
151 57 168 58 165 female
152 47 162 47 160 female
153 47 150 45 152 female
154 55 162 NA NA female
155 48 163 44 160 female
156 54 169 58 165 male
157 69 172 68 174 male
158 59 170 NA NA female
159 58 169 NA NA female
160 57 167 56 165 female
161 51 163 50 160 female
162 54 161 54 160 female
163 53 162 52 158 female
164 59 172 58 171 female
165 56 163 58 161 male
166 59 159 59 155 female
167 63 170 62 168 female
168 66 166 66 165 female
169 96 191 95 188 male
170 53 158 50 155 female
171 76 169 75 165 male
172 54 163 NA NA female
173 61 170 61 170 male
174 82 176 NA NA male
175 62 168 64 168 male
176 71 178 68 178 male
177 60 174 NA NA female
178 66 170 67 165 male
179 81 178 82 175 male
180 68 174 68 173 male
181 80 176 78 175 male
182 43 154 NA NA female
183 82 181 NA NA male
184 63 165 59 160 female
185 70 173 70 173 male
186 56 162 56 160 female
187 60 172 55 168 female
188 58 169 54 166 female
189 76 183 75 180 male
190 50 158 49 155 female
191 88 185 93 188 male
192 89 173 86 173 male
193 59 164 59 165 female
194 51 156 51 158 female
195 62 164 61 161 female
196 74 175 71 175 male
197 83 180 80 180 male
198 81 175 NA NA male
199 90 181 91 178 male
200 79 177 81 178 male
